54 37 88 78 77 18 1 19 45 74 75 99 88 26 13 11 93 80 52 1 44 73 68 16 51 22 22 72 7 72 53 81 20 44 39 50 99 49 90 24 56 21 17 19 94 0 21 90 50 39 30 43 4 28 42
74 24 71 94 32 8 14 22 63 25 27 83 23 82 97 81 18 51 43 53 68 0 18 38 90 81 99 72 85 53 98 32 66 20 38 1 64 61 46 3 98 24 60 56 31 80 47 89 99 29 23 69 27 60 83
34 46 94 57 58 96 16 4 7 8 90 42 87 55 75 13 74 25 50 40 0 55 53 23 41 62 50 89 64 55 80 60 8 70 69 87 34 86 87 5 83 41 76 35 28 85 84 39 66 32 75 82 96 42 11
3 72 20 18 51 28 35 19 33 50 22 4 11 68 18 18 24 94 45 10 51 63 88 78 61 41 11 61 74 33 39 49 0 86 94 70 74 75 71 64 95 45 8 66 33 26 21 32 40 63 78 10 3 12 44
75 91 4 71 51 28 61 20 25 63 15 80 7 55 7 81 50 1 72 18 22 61 78 80 98 57 94 28 7 12 41 62 33 52 75 51 95 51 98 50 90 53 64 53 74 78 61 27 58 68 6 29 83 0 19
98 74 46 26 45 29 24 57 49 63 21 53 31 80 69 31 0 72 22 17 62 72 45 87 69 22 97 68 72 39 61 59 85 14 56 99 37 69 62 13 53 50 79 27 11 45 14 28 40 2 63 87 41 59 27
79 73 67 82 46 89 21 63 78 89 65 41 76 68 0 36 61 23 64 77 18 51 43 84 38 46 58 61 93 46 98 49 53 93 4 43 51 54 54 77 81 36 45 29 64 94 52 60 57 47 82 53 21 72 26
36 59 5 23 93 65 76 69 19 78 44 23 75 54 52 11 33 6 90 68 79 34 54 84 62 36 52 27 19 15 82 11 95 10 29 79 24 80 17 73 95 48 39 71 75 88 23 43 54 4 64 50 1 56 22
1 31 11 28 12 19 9 58 53 54 88 11 91 23 38 19 95 35 44 98 18 17 93 1 84 6 39 41 78 58 52 18 69 2 44 78 16 44 32 73 79 27 90 85 90 91 55 83 18 67 86 20 43 7 63
62 54 38 97 1 38 58 41 94 28 48 34 27 43 65 89 22 2 75 14 99 78 32 10 37 24 84 68 36 31 43 48 89 29 1 29 64 50 7 51 48 23 62 63 84 56 23 68 58 61 22 58 57 91 81
61 1 11 75 62 37 13 43 42 96 21 85 94 43 81 68 87 49 98 15 97 42 62 67 39 98 28 56 35 0 0 82 55 10 84 42 83 88 17 98 96 77 70 81 30 93 62 9 44 15 18 12 32 71 88
93 26 57 21 73 0 85 46 9 48 45 3 82 86 77 52 41 6 15 16 55 1 99 13 7 32 61 7 41 37 20 35 4 9 35 23 90 99 70 87 14 66 1 24 93 29 14 54 97 95 40 98 71 74 38
94 3 5 88 9 80 56 8 98 25 70 41 17 21 39 49 36 25 82 91 70 49 16 0 98 76 33 90 81 14 17 15 29 3 96 10 81 27 44 12 8 37 48 81 87 39 43 54 49 87 96 58 16 92 1
7 68 6 5 79 64 25 72 55 69 84 85 26 9 12 90 97 75 49 9 70 68 51 96 38 56 88 84 53 53 51 13 35 91 82 45 55 85 45 8 64 38 83 84 10 55 53 91 7 66 44 28 39 14 79
55 75 75 62 99 71 58 88 2 85 33 23 80 73 66 28 75 79 4 63 71 37 81 20 13 3 70 21 28 5 7 1 6 91 42 57 99 41 36 67 10 34 15 82 51 36 95 67 48 38 7 45 44 95 20
87 49 83 42 5 8 31 34 1 67 9 62 89 21 55 26 92 61 32 28 84 63 16 71 8 17 24 34 65 35 30 48 88 3 15 48 72 10 31 44 43 40 40 30 38 23 61 56 60 93 99 11 44 9 61
8 50 22 65 70 81 9 56 16 57 86 29 14 48 38 38 25 3 67 86 27 49 56 52 49 35 90 39 89 62 4 67 27 87 2 4 25 17 67 48 71 74 60 17 92 95 77 56 38 88 52 60 48 7 43
35 37 18 50 98 88 73 10 0 79 16 24 99 66 94 13 88 21 65 22 73 32 45 65 7 79 4 97 27 92 90 39 77 96 51 78 50 41 7 30 24 71 30 5 75 72 92 32 66 97 79 86 81 47 37
60 92 98 7 22 92 98 30 6 58 58 92 29 40 21 68 52 84 56 3 46 41 10 5 44 33 89 56 57 21 20 31 73 28 64 7 51 30 93 76 68 5 70 22 91 63 5 29 67 98 36 24 50 42 13
66 60 80 76 66 40 86 78 0 58 97 25 86 81 93 6 25 14 90 37 77 38 52 21 64 51 82 78 74 87 50 61 38 75 35 64 65 8 4 42 72 93 54 63 19 50 22 81 53 90 48 73 28 43 51
76 29 91 10 81 19 82 11 82 45 24 11 43 65 23 20 45 73 2 98 66 98 45 38 69 91 70 84 26 84 51 98 42 55 83 90 11 9 10 34 77 38 59 52 20 17 18 14 41 18 67 33 59 0 46
56 35 57 30 48 15 15 76 62 6 18 68 40 49 5 53 92 53 82 48 69 84 14 81 82 95 44 5 96 29 70 43 43 97 39 8 73 79 7 15 49 58 19 17 57 42 45 97 83 94 36 73 45 87 40
44 58 82 69 75 20 4 11 10 32 81 99 64 16 59 46 57 72 19 33 96 53 88 21 52 4 52 15 31 72 29 27 7 90 4 14 0 11 85 19 26 33 6 15 39 36 70 2 39 55 81 38 56 26 13
52 53 40 87 0 62 67 21 49 56 71 96 94 54 36 92 73 40 22 97 96 52 9 99 4 67 20 61 98 32 34 93 32 25 83 92 30 29 91 21 79 73 13 23 59 96 97 93 71 24 3 35 92 39 24
87 1 66 16 84 59 21 9 27 70 19 72 20 1 23 56 49 33 95 56 22 51 90 41 66 78 52 19 99 11 37 55 13 86 26 47 4 3 15 44 63 32 97 1 75 0 82 5 60 47 79 88 71 51 89
81 36 90 95 66 84 0 91 15 61 26 72 88 15 18 58 95 79 14 93 4 5 54 3 95 80 68 38 73 29 46 82 2 91 78 43 5 54 28 42 82 38 36 14 43 11 6 59 32 89 77 2 57 88 20
80 71 18 66 45 57 86 16 72 97 68 81 96 58 48 98 21 85 28 11 81 54 2 68 2 86 98 65 22 19 31 93 80 7 15 99 58 3 9 86 27 74 66 17 37 91 38 68 39 4 13 35 48 18 83
46 0 16 8 6 5 5 4 41 52 49 23 57 23 47 96 68 63 19 2 23 98 91 68 44 5 40 60 96 15 97 39 90 44 63 51 33 49 99 45 26 19 5 41 7 6 99 72 87 38 70 85 4 99 50
62 82 15 81 43 86 3 91 62 24 55 3 98 81 26 93 90 52 56 61 15 89 19 21 87 80 44 61 69 8 40 72 21 99 0 22 16 89 67 49 67 69 40 33 90 1 94 33 63 76 73 83 15 81 24
49 0 13 78 99 89 11 2 43 18 95 84 56 12 21 37 66 4 47 36 31 47 58 63 20 6 42 5 75 48 85 87 49 27 67 11 35 61 84 28 69 72 81 99 77 15 59 20 80 40 12 3 48 72 99
85 39 14 95 98 52 78 30 32 12 39 46 81 92 59 0 36 58 71 72 14 88 77 66 56 7 77 99 73 1 32 68 1 4 41 79 72 77 65 91 21 91 78 79 91 82 23 18 41 9 5 20 8 23 94
36 74 79 82 92 35 68 39 85 7 1 48 52 7 57 97 31 95 13 49 44 32 51 54 36 42 28 30 90 93 36 40 62 14 52 61 18 95 71 79 18 51 63 4 39 80 6 54 29 69 46 37 51 94 58
21 66 15 18 78 59 58 19 46 84 73 8 46 35 25 31 54 16 29 59 88 74 72 18 28 99 10 46 98 73 23 68 73 23 10 6 99 68 76 21 65 36 94 16 32 9 0 9 21 51 70 15 25 95 72
82 40 1 91 59 79 4 88 65 83 25 80 82 34 81 69 12 2 71 86 63 4 60 35 15 60 58 31 8 19 25 81 1 39 22 45 79 78 89 89 82 78 3 8 20 83 26 13 7 64 29 78 3 81 2
48 79 17 83 22 59 52 44 26 69 38 95 96 55 89 74 81 77 68 78 5 93 21 15 13 18 50 67 25 42 81 65 38 57 63 82 47 24 67 32 81 15 19 61 5 87 57 16 65 34 18 93 40 4 43
36 4 99 35 29 71 40 17 75 23 94 22 50 50 47 19 92 72 13 45 41 40 69 56 30 42 14 48 42 14 77 31 67 36 85 93 0 72 37 76 91 44 65 21 84 28 1 41 77 3 21 92 94 89 70
35 48 73 99 54 79 36 95 69 41 79 94 8 34 62 77 74 15 42 85 4 96 88 80 89 2 59 28 82 6 15 8 98 80 92 80 28 56 70 43 54 59 49 20 28 30 5 36 18 86 57 74 25 52 74
28 28 5 30 2 71 87 55 49 27 93 86 27 67 53 88 37 65 53 56 85 89 69 68 59 83 91 88 46 97 97 0 24 8 96 71 57 96 34 99 34 77 65 43 92 40 51 25 15 83 1 77 23 50 80
77 86 23 72 36 81 53 8 31 85 90 18 13 68 50 36 18 55 26 62 22 93 28 61 96 40 13 64 69 24 92 27 26 13 66 34 46 21 81 43 43 15 51 95 38 23 84 23 9 93 24 36 98 71 6
80 60 99 6 7 69 46 18 94 3 88 59 49 38 86 13 47 83 48 19 5 85 68 8 80 10 15 81 90 74 12 47 33 20 46 87 36 3 58 80 3 99 54 22 85 15 90 61 4 7 43 49 86 6 44
92 3 5 42 86 22 31 50 79 81 42 66 13 57 67 89 50 2 43 42 13 2 59 46 72 49 96 68 62 0 38 9 92 46 97 10 41 81 51 22 55 70 10 90 13 23 32 17 58 79 67 16 51 46 57
32 99 20 70 17 13 49 94 15 23 7 10 29 87 62 28 4 5 71 36 30 12 67 8 8 43 54 19 54 98 90 43 9 50 25 13 99 62 29 52 93 44 0 41 54 22 75 5 71 58 62 78 85 36 12
45 57 27 65 13 53 22 65 15 18 67 40 84 99 51 73 28 29 32 70 0 94 61 61 80 60 33 3 81 99 96 63 93 34 56 94 64 46 88 46 86 49 54 29 19 83 89 96 54 91 74 54 38 35 15
12 39 47 6 0 9 61 71 46 77 10 53 36 80 34 43 2 68 3 32 86 31 21 9 73 65 16 15 62 9 5 58 60 7 93 54 49 12 41 50 54 81 58 54 37 11 59 78 12 40 66 21 96 15 89
26 0 14 27 91 95 37 58 41 16 91 94 83 93 3 70 44 83 77 29 20 72 95 61 97 74 33 57 58 82 40 95 27 30 36 42 55 87 19 50 1 10 79 69 74 93 13 19 78 98 88 16 33 65 7
95 1 34 28 49 91 44 71 1 38 45 16 43 55 64 23 26 75 94 41 72 36 38 60 6 78 97 56 90 73 61 95 15 78 75 72 89 36 59 86 87 11 83 81 47 91 88 57 62 0 72 10 28 54 98
37 20 26 71 29 93 47 82 61 41 10 42 51 35 22 68 30 93 35 30 26 82 27 90 87 18 26 63 81 68 73 16 24 73 61 35 39 96 60 10 29 94 17 50 73 29 82 20 55 51 33 66 47 7 74
95 39 46 41 37 22 26 7 69 65 47 42 22 28 9 55 5 85 58 39 15 60 63 90 45 94 37 21 84 98 95 2 10 86 44 7 65 13 87 49 65 0 94 46 97 53 94 26 28 43 56 44 34 31 60
98 75 99 25 65 25 7 76 99 15 38 83 65 83 2 40 82 3 65 57 77 19 47 7 15 49 93 73 74 4 60 86 70 67 1 29 13 47 80 72 98 42 75 5 39 97 10 56 7 89 76 76 75 65 10
68 39 49 9 14 93 44 87 48 60 18 51 56 73 16 63 69 53 75 12 51 87 7 16 11 26 80 71 19 54 82 50 76 28 65 57 62 95 22 60 93 49 76 44 32 59 41 43 55 14 43 97 10 78 55
75 28 11 86 44 39 56 43 72 34 58 84 42 9 13 16 59 18 72 88 54 24 0 54 42 58 99 52 10 4 48 68 42 3 15 38 58 80 66 36 41 65 51 54 45 54 42 1 86 39 55 37 39 85 86
30 67 15 26 96 27 3 6 13 96 91 31 59 20 99 37 7 78 42 96 80 62 13 50 18 26 76 18 89 19 69 51 64 98 13 23 15 29 92 70 91 50 29 23 69 41 64 15 97 96 90 26 45 70 93
67 56 71 26 11 50 69 59 20 63 64 50 39 34 29 39 31 34 39 38 41 87 86 34 76 43 10 80 39 46 58 49 73 24 16 76 72 12 62 39 73 58 44 31 50 56 19 94 83 82 28 5 74 44 83
19 28 53 69 30 68 42 36 40 28 23 87 30 30 36 36 36 36 8 70 1 93 83 40 98 54 86 73 27 11 56 31 94 9 61 2 5 11 22 14 68 96 97 71 97 38 98 58 51 98 9 14 2 87 81
74 8 60 85 1 40 62 30 99 12 86 41 67 67 91 97 92 88 56 79 1 33 44 21 49 56 0 40 59 44 90 27 1 10 34 49 22 29 8 23 92 47 9 36 42 45 77 85 72 99 88 71 9 85 42
94 77 62 8 13 47 44 21 63 21 88 34 85 3 88 75 27 49 79 59 27 95 6 92 40 47 61 53 48 3 15 53 78 13 99 68 1 77 77 7 44 93 0 94 84 29 38 50 79 45 48 42 68 50 41
77 21 87 18 75 47 84 22 30 52 12 16 90 3 33 15 8 54 85 6 77 28 2 35 70 11 82 87 8 50 75 17 49 61 93 80 21 2 98 37 32 35 24 21 96 72 34 97 18 81 48 7 31 89 30
46 57 91 75 61 13 5 40 17 17 49 2 3 91 86 54 84 88 44 27 24 95 69 28 61 75 8 28 96 13 1 59 34 56 52 51 39 54 64 13 57 69 69 39 52 46 26 47 47 90 16 75 95 28 61
32 43 26 94 34 41 73 4 31 43 41 52 89 21 28 28 63 90 46 85 10 35 43 45 47 73 94 72 78 46 18 39 48 25 37 28 49 73 66 6 83 16 33 32 42 4 87 25 29 82 50 56 45 49 26
24 29 24 14 54 58 45 92 18 94 22 8 6 79 88 90 32 84 40 82 84 64 81 66 82 14 34 37 66 49 20 62 69 81 48 44 13 99 30 61 7 93 39 62 27 93 5 67 29 32 27 42 7 5 92
93 71 90 5 54 8 38 64 43 95 48 78 95 25 73 15 11 98 99 25 48 81 50 34 6 83 10 4 40 88 62 42 93 29 32 43 26 12 43 36 99 62 43 50 29 83 60 5 20 42 58 16 93 39 23
5 78 83 94 77 25 74 49 3 20 31 41 32 99 24 51 43 81 14 2 95 82 63 68 87 69 21 83 2 8 12 39 13 35 37 68 60 36 43 55 51 41 57 51 11 0 83 35 47 84 59 67 25 85 3
70 63 5 50 67 28 82 45 37 80 16 97 40 44 21 91 65 61 64 25 92 59 6 26 12 42 22 67 7 54 17 74 41 66 79 86 23 60 84 71 51 40 20 55 46 3 10 64 0 92 71 65 44 51 9
47 12 44 12 7 35 40 3 14 46 1 86 89 88 63 10 76 9 46 4 93 2 94 49 27 60 90 31 84 20 44 29 86 27 60 18 39 1 22 37 10 2 32 3 34 83 45 16 47 86 97 19 88 94 85
55 67 8 79 93 81 96 27 92 91 69 68 2 59 53 94 43 90 37 55 82 35 88 31 67 41 42 22 82 41 71 34 70 7 40 23 56 16 52 44 16 7 60 26 48 69 96 60 13 59 67 0 92 87 37
21 77 22 62 78 67 26 27 85 37 25 2 16 6 13 73 40 95 93 41 67 42 49 70 20 49 38 82 34 52 8 86 38 27 11 50 89 82 73 76 30 14 45 8 6 65 10 16 79 58 27 72 84 69 79
87 90 52 23 19 93 81 87 5 83 42 22 26 71 44 53 43 57 91 46 13 36 8 65 72 99 48 26 91 7 49 11 54 94 53 31 72 55 79 98 44 73 85 12 34 42 88 95 21 33 46 41 38 21 81
72 81 6 15 3 96 32 58 62 43 64 59 6 40 61 43 68 66 45 55 47 87 67 72 87 86 87 23 74 19 77 25 18 6 1 20 15 47 77 91 87 23 16 38 7 60 91 0 82 41 13 24 67 8 87
48 85 11 88 11 81 21 76 83 64 8 8 91 78 69 25 24 38 95 6 61 6 0 40 79 82 25 2 22 90 49 2 65 83 68 87 60 73 59 21 33 95 70 5 54 98 4 1 87 1 3 93 57 67 55
24 3 65 11 25 12 90 19 56 30 11 70 35 66 70 34 48 43 78 40 96 42 19 25 49 47 4 16 32 51 68 45 16 49 74 6 56 42 90 25 80 83 44 19 50 75 99 37 87 48 1 74 42 72 91
18 0 50 46 54 52 51 51 70 95 21 40 30 0 72 59 20 11 93 22 93 59 71 84 20 73 90 34 43 35 99 4 73 55 59 91 90 5 10 84 70 60 61 62 60 11 40 71 65 0 30 47 46 42 22
90 17 47 24 90 32 23 13 51 93 69 67 27 46 56 19 8 22 25 27 0 90 29 94 22 17 99 95 54 6 90 88 9 66 85 4 48 99 51 17 1 35 82 62 6 4 65 74 72 28 47 82 53 34 57
82 23 3 15 22 69 40 67 93 84 29 12 27 68 34 91 69 42 2 33 51 79 37 17 33 76 31 48 42 8 93 37 16 11 77 42 19 65 52 11 5 9 58 49 41 55 45 17 14 44 41 34 55 2 27
63 69 8 23 1 1 73 27 82 78 20 98 97 14 30 25 71 29 62 63 70 35 17 12 96 20 4 70 47 22 40 21 78 4 19 6 75 21 13 21 95 47 90 52 29 63 41 50 89 83 47 20 6 16 71
82 57 79 55 22 46 2 41 47 87 80 22 40 30 34 50 70 92 62 41 85 6 44 61 36 34 74 10 99 13 57 87 88 65 77 29 37 51 69 25 70 13 58 26 56 96 91 13 54 61 68 54 2 19 56
