27 35 51 28 72 26 4 46 30 43 84 45 92 15 97 10 41 12 31 69 87 36 17 24 16 18 88 3 69 84 11 30 65 25 28 45 62 24 54 33 49 45 93 16 74 75 69 93 88 30 35 40 89 96 72 35 44 32 13 23 83 39 21 81 77 71 43 93 87 32 5 77 57 18 8
23 6 5 84 48 56 61 0 89 85 70 35 85 90 61 37 67 45 76 27 90 61 51 22 81 29 72 65 55 89 30 1 42 77 58 46 2 55 20 25 64 79 5 36 65 32 51 29 18 95 78 27 83 21 4 87 21 81 51 35 64 73 74 82 78 11 72 33 80 8 3 91 0 90 69
92 7 22 16 99 37 5 27 68 72 34 63 21 17 56 88 62 92 20 58 2 96 15 81 32 16 67 89 12 43 62 84 44 45 87 46 69 10 78 99 1 17 11 9 43 74 29 24 92 79 82 42 61 81 46 69 2 23 74 48 92 58 78 29 13 52 94 34 31 63 76 74 29 8 96
36 19 67 48 10 75 26 19 96 66 4 80 76 93 71 14 61 15 39 57 48 23 26 77 82 94 51 60 80 65 90 64 10 73 49 99 33 92 64 70 84 55 28 22 46 33 91 30 30 46 29 23 1 99 25 64 87 25 39 50 71 8 87 14 75 56 82 55 80 66 2 23 9 12 11
76 47 37 17 22 33 88 17 83 82 93 29 6 11 38 56 99 32 23 62 54 72 67 26 36 23 24 82 39 31 49 14 92 95 94 45 42 3 27 90 85 88 26 69 63 44 38 8 33 46 79 54 87 11 76 47 78 90 20 91 96 27 21 65 35 83 32 73 24 12 10 35 85 32 44
83 37 63 74 8 49 23 39 89 21 16 53 14 66 91 20 22 17 80 11 16 34 61 92 90 80 71 7 16 61 96 62 8 96 41 34 10 7 17 23 35 52 98 46 61 66 64 2 1 90 68 50 92 97 58 37 48 61 41 14 29 99 25 67 74 35 90 59 59 95 89 31 20 93 53
86 58 41 50 79 97 27 69 37 30 35 78 45 98 68 88 89 9 86 19 81 55 87 3 83 37 11 56 77 55 77 36 86 32 31 4 52 14 54 11 50 18 60 42 73 22 27 41 36 76 96 53 29 56 74 20 48 31 90 87 84 44 95 50 3 22 55 58 4 89 3 3 82 66 28
86 64 97 32 97 79 1 58 9 18 68 75 93 24 0 86 59 13 17 4 93 78 14 35 63 37 20 50 4 32 31 36 94 89 10 70 26 74 76 23 45 70 4 42 18 80 49 49 86 98 10 57 79 44 88 86 10 60 85 73 15 73 68 0 6 79 68 82 34 93 52 61 32 41 7
12 39 7 16 43 0 10 26 65 61 33 34 12 59 57 63 96 14 20 74 87 17 74 6 38 27 16 39 43 6 27 44 44 60 75 52 72 79 78 81 21 75 22 96 69 66 20 92 40 91 47 17 47 90 67 29 77 26 2 32 17 74 12 29 35 1 33 51 70 25 83 65 53 62 36
8 28 94 35 9 8 32 52 22 22 22 99 34 83 79 32 94 15 9 15 91 1 86 88 70 71 44 91 32 48 80 70 46 18 80 69 84 73 89 22 53 75 62 2 40 67 44 64 79 62 24 27 85 10 66 29 82 21 1 58 18 73 97 79 38 69 99 68 1 97 88 56 40 10 30
11 96 18 68 86 72 77 37 91 76 56 53 92 22 8 37 73 43 76 97 55 63 96 17 5 74 41 17 55 25 55 65 32 75 29 69 65 15 14 84 93 7 96 28 10 49 1 38 75 93 75 36 39 99 11 17 91 31 89 61 85 31 54 19 52 45 73 13 95 97 53 9 96 97 85
69 23 39 51 74 69 16 28 73 57 13 76 71 32 67 4 78 90 93 70 22 7 5 97 30 4 45 16 88 73 29 42 98 92 94 59 33 80 89 85 68 67 5 83 5 88 87 82 74 88 6 93 57 45 96 18 58 39 50 34 66 86 85 0 48 16 26 8 71 69 10 59 12 99 8
98 10 64 59 95 43 77 58 78 34 78 37 55 88 88 57 28 44 41 84 0 6 83 71 11 28 53 23 41 17 15 63 67 23 66 52 72 75 50 81 19 62 46 64 21 77 95 9 93 96 99 29 15 31 52 8 12 76 57 27 73 75 82 56 55 34 97 4 3 66 47 6 44 1 9
84 64 98 58 46 8 26 26 52 44 36 84 1 47 98 76 68 66 1 8 76 91 23 51 99 58 76 87 48 8 44 5 61 81 20 39 78 78 4 27 78 88 37 33 22 66 36 51 74 14 45 97 5 18 80 18 34 67 79 59 72 33 5 54 56 18 28 27 96 71 9 14 84 90 18
78 17 84 7 57 13 54 94 70 71 68 12 54 77 12 72 93 91 35 14 20 50 68 76 99 29 35 63 30 59 99 90 15 30 10 25 19 51 5 76 58 48 83 10 64 6 81 52 21 30 81 26 92 56 35 99 17 99 3 53 9 66 72 99 86 8 64 49 12 39 25 86 50 23 9
5 11 75 45 70 96 82 79 96 21 87 17 45 62 36 56 70 4 15 26 35 72 64 58 82 5 51 84 47 65 20 69 29 42 8 35 76 48 14 34 57 53 43 94 82 97 20 73 51 95 38 31 3 40 69 84 1 21 3 84 52 66 56 9 67 60 41 7 47 18 18 15 8 17 21
56 54 2 88 99 70 0 83 81 59 43 67 45 21 69 15 29 7 50 23 63 81 15 24 97 48 62 57 34 61 95 37 36 10 75 0 43 53 99 28 83 73 77 35 11 36 72 71 56 49 93 8 14 66 44 67 50 74 95 99 14 84 50 75 9 68 87 57 40 30 50 28 85 64 34
72 88 54 21 93 9 77 63 34 17 57 49 85 70 22 24 3 44 2 30 28 8 6 79 11 29 12 17 22 22 17 33 50 87 97 19 78 7 33 97 67 84 93 9 16 88 12 24 20 9 81 40 17 92 74 17 39 40 89 83 3 95 81 54 9 14 69 23 25 52 53 69 8 31 64
45 8 7 53 42 17 28 64 60 30 3 43 94 77 22 56 28 10 81 21 19 8 80 79 25 49 22 27 61 19 98 21 1 45 59 46 36 2 87 52 82 77 28 7 49 47 67 19 48 80 89 43 62 61 69 71 83 26 66 99 47 6 62 31 33 63 25 28 12 10 46 21 77 58 22
80 31 80 84 89 30 45 94 66 55 23 72 5 36 72 6 10 31 13 25 51 57 41 55 94 72 6 93 77 38 45 44 91 52 36 91 12 33 39 43 65 24 15 31 21 18 42 43 84 54 41 87 96 65 7 45 58 78 62 23 92 4 56 17 76 10 75 32 88 21 3 31 36 58 19
65 29 64 11 75 95 97 11 6 32 63 54 63 63 17 94 63 95 17 43 71 89 99 82 92 83 61 66 22 63 54 32 77 68 71 43 48 39 79 31 24 54 47 75 17 93 19 99 92 54 46 10 10 27 8 46 90 39 75 42 81 12 19 91 3 77 82 78 25 29 64 43 82 45 16
36 79 4 84 52 94 52 12 41 10 78 32 96 54 99 35 23 46 6 69 20 46 72 54 96 9 95 49 69 92 18 22 69 2 55 24 2 67 53 7 89 25 40 94 99 24 30 92 27 77 26 38 12 19 61 2 37 65 57 96 84 13 2 3 32 8 56 18 11 49 45 32 64 77 31
35 40 45 17 92 32 29 82 0 1 97 38 59 9 17 30 94 45 6 75 68 29 58 98 15 10 62 58 80 48 43 32 37 33 72 44 12 88 8 51 7 91 0 16 27 17 45 76 97 42 47 15 23 56 76 77 95 42 56 51 81 86 59 64 10 2 44 9 60 98 86 45 54 60 73
89 94 19 63 19 68 64 61 69 27 54 93 28 6 25 48 47 88 5 82 22 60 6 31 64 50 19 62 90 49 59 11 37 85 95 44 54 71 29 6 57 53 17 12 63 90 1 28 91 36 79 8 13 75 51 38 25 15 67 29 33 89 18 26 83 95 3 29 15 5 0 9 36 10 94
8 28 3 80 54 70 56 46 76 42 96 50 50 98 37 61 81 84 94 29 86 8 89 61 99 68 6 63 10 98 15 1 19 54 25 27 84 65 32 0 75 10 25 52 9 30 89 82 61 34 20 9 96 1 77 12 84 9 6 69 51 74 42 65 11 94 18 73 5 12 35 42 23 96 95
59 18 18 24 56 97 51 52 20 90 49 66 47 72 44 43 54 63 40 65 63 83 77 52 98 32 17 29 67 90 66 50 82 70 34 62 74 18 48 45 53 51 78 34 46 31 46 56 52 47 36 54 45 85 28 28 98 99 44 98 20 34 10 3 60 14 64 3 6 97 81 7 75 54 42
76 18 47 79 54 91 63 19 55 95 13 14 7 2 10 57 30 16 99 93 4 74 14 56 64 37 20 28 14 3 17 22 81 62 57 40 34 14 96 30 77 25 47 74 87 17 18 21 32 78 69 54 92 0 57 53 7 13 59 56 76 92 35 22 68 41 43 45 82 45 31 8 90 77 39
10 87 57 26 70 19 5 46 6 71 52 91 51 15 54 82 6 50 64 6 34 13 14 20 61 29 75 60 23 12 19 28 61 62 81 28 76 6 90 13 52 89 90 83 93 4 59 61 73 73 70 63 24 27 12 93 10 57 42 51 97 37 6 26 15 78 90 72 82 6 96 47 0 46 46
56 86 49 65 38 68 64 89 70 50 20 89 82 23 28 28 82 1 14 47 95 0 87 17 39 23 82 48 14 84 32 9 33 97 37 32 96 90 8 10 88 14 17 92 15 98 36 44 0 40 22 35 23 48 9 90 22 23 35 46 29 11 20 2 21 3 38 46 72 70 39 52 27 45 73
76 50 57 99 33 92 92 64 66 2 18 50 28 34 59 43 41 48 72 88 64 67 82 63 46 9 15 61 14 70 82 38 13 67 46 55 27 5 7 91 22 30 84 13 27 29 32 38 49 64 16 1 86 3 87 16 27 38 14 23 68 35 9 37 89 32 97 61 25 87 4 62 42 96 21
77 21 55 94 95 39 70 66 33 94 85 33 17 71 25 32 20 66 85 40 84 0 78 94 77 50 4 17 81 75 16 14 46 66 18 34 84 9 65 82 83 94 95 47 23 87 55 90 12 85 44 36 67 74 52 73 25 17 0 61 27 37 27 78 14 6 14 86 8 37 95 6 49 41 91
73 23 43 68 4 78 93 85 45 76 5 34 89 62 69 38 53 78 52 37 37 60 6 94 73 53 0 5 13 69 26 9 50 83 18 15 69 63 84 17 97 15 60 22 19 84 61 64 0 59 86 47 27 3 52 80 73 77 96 47 77 9 73 52 55 72 79 2 15 72 51 73 10 10 85
21 10 78 44 2 50 22 19 79 76 93 42 19 60 40 68 74 49 48 57 25 58 12 38 13 99 60 25 60 9 17 54 4 71 34 39 3 72 95 0 35 29 22 23 88 64 97 79 89 27 24 64 37 63 96 91 7 50 32 89 50 29 74 72 76 89 31 27 87 97 24 66 90 72 45
29 64 30 38 20 90 62 17 85 44 7 87 45 0 22 2 35 41 61 89 41 38 55 13 93 66 63 78 60 20 39 31 70 72 32 78 57 93 54 21 97 49 13 9 54 53 89 49 64 64 90 55 89 16 63 72 55 0 21 8 16 14 67 51 27 35 75 60 77 57 3 76 77 50 85
93 75 87 48 89 27 45 2 47 13 18 34 80 21 56 48 63 62 3 16 18 46 9 15 19 3 45 72 23 96 77 65 88 45 15 98 61 62 16 10 90 5 45 37 84 89 10 58 87 71 7 69 6 40 37 98 85 89 67 72 83 17 6 14 90 65 81 64 32 52 22 7 88 18 94
13 51 80 59 54 74 78 60 39 35 55 17 53 12 24 83 66 49 58 62 42 28 87 99 39 62 49 68 53 69 17 1 19 66 65 6 29 64 91 27 86 51 58 42 16 5 48 45 15 54 26 99 23 70 66 5 65 31 61 34 21 14 97 57 71 26 48 47 50 72 56 25 98 12 29
58 16 97 71 79 86 79 38 11 49 57 69 29 30 77 79 20 7 40 34 38 53 72 23 53 3 86 5 67 62 93 50 2 90 25 57 56 18 16 41 0 42 31 2 27 16 18 8 43 40 99 84 29 32 66 24 11 24 46 82 71 75 8 25 47 66 93 80 36 93 16 81 44 38 54
39 94 30 79 22 45 27 33 75 75 1 66 1 31 38 60 47 83 37 61 81 99 44 29 6 32 56 19 93 13 54 54 15 0 13 68 5 76 17 35 76 2 74 4 63 13 82 77 18 31 52 93 18 94 88 46 43 81 76 82 0 88 88 77 63 79 71 12 30 79 15 31 82 74 48
92 5 88 50 91 44 21 62 6 37 16 65 60 20 49 54 97 24 68 77 80 49 39 68 54 25 80 83 18 24 97 97 10 23 51 35 28 23 13 32 17 74 33 9 3 47 37 7 67 22 32 96 68 72 29 42 95 78 46 58 85 83 6 86 45 63 12 9 82 73 62 48 57 20 38
36 4 56 98 22 69 11 0 77 58 73 1 73 15 88 42 35 59 1 74 8 88 71 42 92 50 10 5 94 37 88 93 19 10 10 90 40 70 32 54 14 96 15 31 80 38 52 42 1 80 75 59 83 77 34 6 73 65 47 22 39 64 38 60 78 53 64 97 67 37 67 74 57 58 82
53 50 45 42 5 53 99 3 5 31 92 23 33 63 8 74 75 99 51 25 48 95 67 82 26 30 25 0 6 64 80 79 70 41 74 77 94 32 47 27 66 7 65 56 73 44 96 95 63 27 32 72 59 94 9 76 36 61 19 34 70 54 19 3 8 21 0 18 42 23 32 47 52 32 9
88 6 7 10 0 40 42 64 78 43 73 69 96 34 32 66 72 49 68 33 4 26 51 74 53 64 82 99 60 52 70 17 25 71 96 0 66 18 34 3 89 31 90 47 24 72 25 59 96 38 56 9 66 15 40 62 80 25 24 86 39 17 53 10 49 56 79 89 34 51 7 83 17 21 18
96 86 77 15 55 59 87 58 24 96 55 63 81 26 32 33 5 7 4 66 3 50 21 92 77 83 47 33 79 91 77 96 56 10 77 68 78 18 66 85 74 78 43 66 99 29 61 63 72 39 97 47 79 43 88 21 41 75 16 47 26 60 42 89 94 43 13 55 40 35 94 51 53 26 80
74 47 17 36 69 91 24 97 14 19 38 18 68 33 72 8 91 14 73 64 34 48 86 41 34 93 88 4 21 3 77 83 22 49 55 6 50 96 46 46 62 15 55 78 45 33 29 48 80 66 43 12 5 49 73 75 58 4 25 55 28 81 38 72 28 12 68 90 46 11 38 0 53 94 90
95 26 11 31 8 94 64 8 7 58 1 99 16 3 7 21 28 62 31 99 21 33 53 24 72 40 81 20 5 12 62 3 47 66 39 19 15 93 91 7 61 29 76 29 17 76 15 13 39 7 55 18 76 81 63 46 31 26 31 71 10 9 36 60 12 39 33 92 51 73 67 54 23 81 88
44 75 44 75 61 62 27 25 78 26 63 27 3 60 83 2 3 64 80 9 44 60 47 29 3 83 31 82 35 86 0 27 46 93 60 16 77 22 72 75 75 40 55 37 15 34 89 48 65 20 16 10 53 47 98 3 72 39 90 8 22 45 88 46 89 20 67 69 48 70 80 62 79 95 7
41 36 89 51 10 17 90 18 37 74 17 16 33 3 95 76 24 89 93 97 50 17 49 55 65 7 9 82 10 68 23 32 31 51 32 60 40 13 72 63 27 82 16 83 67 82 17 33 81 93 56 93 7 3 41 89 2 60 34 46 36 38 70 30 45 87 15 60 66 3 33 83 29 54 90
60 9 77 3 35 59 35 55 42 66 59 91 23 18 16 83 41 91 73 93 42 15 36 59 37 9 67 36 26 50 31 78 2 20 45 31 34 55 82 86 15 59 54 89 69 43 88 89 0 92 95 20 21 22 11 68 55 9 43 79 36 27 83 58 81 7 82 35 41 23 3 66 36 33 49
60 24 60 33 86 2 15 43 40 46 79 84 11 77 94 63 43 93 55 56 44 39 69 15 5 20 42 97 64 36 3 55 22 93 16 26 16 68 36 18 90 34 25 0 72 31 42 28 88 99 81 10 50 79 17 83 52 14 52 98 62 35 22 34 74 46 57 78 18 23 88 44 39 21 78
36 43 79 67 7 54 52 9 41 43 61 31 58 55 27 35 12 31 73 99 37 55 2 10 11 61 9 5 18 87 19 73 0 51 88 92 83 46 43 4 60 64 47 65 67 43 31 59 60 82 75 23 88 94 64 37 57 24 24 25 29 91 90 87 93 51 47 32 91 40 35 21 5 4 17
96 94 88 21 7 6 33 86 95 8 88 25 0 31 60 37 5 18 0 87 57 71 86 70 32 25 30 12 31 23 93 36 53 81 84 45 98 3 15 39 59 34 1 14 8 4 23 99 79 7 49 54 88 60 95 44 99 76 80 68 82 28 12 73 79 38 4 53 6 54 94 60 86 4 33
80 5 20 60 22 25 52 60 63 49 73 70 38 19 55 56 15 38 83 30 55 44 36 93 27 48 42 36 82 73 97 98 31 33 84 39 58 83 36 95 76 1 6 53 2 96 39 42 79 2 12 33 70 45 10 98 79 98 72 66 22 0 16 60 69 52 73 17 5 10 5 41 54 44 25
5 80 89 34 30 72 80 73 44 43 10 36 43 43 87 61 77 66 2 56 45 85 88 74 70 46 21 28 57 8 80 53 48 61 64 39 39 34 43 97 15 71 94 19 55 69 30 41 86 68 74 3 89 44 43 87 97 17 96 24 98 64 71 90 79 85 46 7 40 35 64 43 44 5 52
65 81 31 76 51 13 94 97 28 88 86 77 60 34 96 78 40 19 20 24 49 62 44 49 68 8 20 25 90 5 12 14 16 33 30 79 91 2 68 63 99 84 90 42 58 48 22 30 53 68 90 44 66 63 42 5 89 96 85 70 92 97 35 64 75 59 55 75 48 49 76 49 63 42 96
9 16 40 60 65 67 48 6 44 80 32 44 87 44 13 41 73 90 47 16 50 71 17 72 20 61 14 7 85 12 84 39 9 66 30 20 77 13 11 36 17 30 62 72 72 46 98 19 77 27 4 51 83 65 47 22 2 50 27 34 93 1 13 96 62 46 84 35 94 30 35 57 47 84 50
22 49 82 31 17 89 90 4 50 23 22 5 41 97 88 25 11 98 2 89 35 55 64 96 51 58 9 84 52 94 18 6 68 77 85 59 17 16 66 77 46 46 20 53 34 77 78 83 94 98 38 35 78 20 6 3 66 89 62 69 89 39 58 12 58 44 40 59 67 97 76 63 30 59 20
2 75 75 91 53 97 58 95 18 72 7 44 77 54 60 91 99 11 63 68 94 54 22 12 36 55 38 59 59 42 22 20 17 90 68 38 84 28 11 81 85 65 94 5 67 37 99 5 28 25 44 9 10 47 51 43 18 70 24 56 71 22 10 83 99 55 83 11 43 5 7 63 30 61 32
65 72 45 23 72 5 83 11 49 60 35 36 12 25 2 18 59 90 30 61 19 33 6 27 4 35 81 9 61 16 88 64 84 27 27 4 38 56 45 80 57 21 9 89 56 77 19 36 27 69 4 65 72 25 78 70 71 88 56 76 52 50 51 72 14 8 67 30 94 2 18 14 80 37 63
6 15 22 4 42 23 80 10 65 62 14 93 70 3 20 73 40 80 47 38 52 69 7 85 80 30 53 10 76 86 81 31 68 73 16 17 58 24 20 91 51 81 61 6 49 38 48 66 53 35 76 83 10 99 77 75 80 6 19 72 57 19 4 62 16 91 78 16 90 34 81 48 15 84 64
22 78 74 39 33 88 93 71 45 99 87 3 84 18 65 62 36 75 55 41 2 86 55 26 39 14 36 64 38 38 32 92 90 75 65 47 92 42 79 7 10 70 8 24 18 76 63 19 83 50 69 24 43 43 44 24 29 34 36 96 82 67 27 12 23 16 31 3 74 88 92 39 76 78 0
79 16 7 21 63 38 72 50 49 58 85 50 65 25 53 69 26 81 9 45 22 13 20 62 88 87 35 62 90 6 46 17 29 87 18 63 15 2 70 82 51 1 85 68 30 3 40 37 86 69 42 91 27 32 25 89 76 32 19 61 11 67 53 1 13 0 24 66 86 6 88 81 57 62 42
12 76 35 67 97 4 57 69 57 7 64 40 33 54 53 93 56 23 98 30 92 18 99 55 70 83 68 18 97 18 74 34 6 78 16 89 78 9 74 59 29 29 25 96 93 38 24 45 4 91 28 72 16 51 85 50 27 73 95 48 27 86 43 12 34 91 30 44 63 37 91 18 80 5 56
79 28 35 30 11 45 73 51 57 44 21 86 94 7 37 31 54 68 23 39 94 30 8 91 60 16 41 5 84 42 56 7 27 31 95 34 0 85 21 3 38 21 57 83 20 6 10 59 68 75 53 0 4 48 97 1 40 3 75 79 93 81 79 16 70 4 1 92 44 90 68 52 96 44 98
96 36 84 34 51 92 89 6 42 88 23 77 23 32 90 53 97 91 5 37 57 17 72 90 47 71 90 13 10 15 79 96 1 25 79 50 81 44 20 15 79 31 98 49 76 2 17 66 77 13 92 52 38 88 50 43 94 62 76 19 95 8 91 85 80 99 71 68 46 30 25 98 36 66 5
3 20 28 56 83 27 38 0 60 44 48 3 78 58 53 5 23 70 65 22 56 5 55 7 23 6 71 15 40 44 83 29 95 9 47 6 0 84 4 58 98 64 64 61 72 96 10 19 64 80 68 94 45 76 29 17 0 76 51 3 94 65 43 21 0 5 84 27 28 51 2 13 93 11 61
